name,birth
손아섭,1988-03-18
김문호,1987-06-22
번즈,1990-08-07
이대호,1982-06-21
최준석,1983-02-15
강민호,1985-08-18
이우민,1982-05-04
문규현,1983-07-05
신본기,1989-03-21
레일리,1988-06-29
노수광,1990-08-06
나주환,1984-06-14
최정,1987-02-28
김동엽,1990-07-24
정의윤,1986-07-25
한동민,1989-08-09
이재원,1988-02-24
김성현,1987-03-09
이대수,1981-08-21
켈리,1988-10-14
1 , 2
